2005 0.37881250E+03
2006 0.38082750E+03
2007 0.38277750E+03
2008 0.38480000E+03
2009 0.38700054E+03
2010 0.38928521E+03
2011 0.39156252E+03
2012 0.39384273E+03
2013 0.39611734E+03
2014 0.39839568E+03
2015 0.40068068E+03
2016 0.40296830E+03
2017 0.40525182E+03
2018 0.40752882E+03
2019 0.40980029E+03
2020 0.41206783E+03
2021 0.41432565E+03
2022 0.41651662E+03
2023 0.41860322E+03
2024 0.42060132E+03
2025 0.42251575E+03
2026 0.42434901E+03
2027 0.42609675E+03
2028 0.42775232E+03
2029 0.42931381E+03
2030 0.43078315E+03
2031 0.43216344E+03
2032 0.43343618E+03
2033 0.43459273E+03
2034 0.43565302E+03
2035 0.43662804E+03
2036 0.43752158E+03
2037 0.43833433E+03
2038 0.43906015E+03
2039 0.43969061E+03
2040 0.44022240E+03
2041 0.44065666E+03
2042 0.44102476E+03
2043 0.44134651E+03
2044 0.44162100E+03
2045 0.44186440E+03
2046 0.44208482E+03
2047 0.44228340E+03
2048 0.44245830E+03
2049 0.44260091E+03
2050 0.44270046E+03
2051 0.44275184E+03
2052 0.44276100E+03
2053 0.44273417E+03
2054 0.44266263E+03
2055 0.44254767E+03
2056 0.44240642E+03
2057 0.44224833E+03
2058 0.44207535E+03
2059 0.44188625E+03
2060 0.44167274E+03
2061 0.44142415E+03
2062 0.44113450E+03
2063 0.44080284E+03
2064 0.44043041E+03
2065 0.44001021E+03
2066 0.43954473E+03
2067 0.43905222E+03
2068 0.43854291E+03
2069 0.43801932E+03
2070 0.43748062E+03
2071 0.43691878E+03
2072 0.43634251E+03
2073 0.43576436E+03
2074 0.43518189E+03
2075 0.43459500E+03
2076 0.43399542E+03
2077 0.43338456E+03
2078 0.43277961E+03
2079 0.43218978E+03
2080 0.43161659E+03
2081 0.43105847E+03
2082 0.43051026E+03
2083 0.42996413E+03
2084 0.42941411E+03
2085 0.42885906E+03
2086 0.42829910E+03
2087 0.42772652E+03
2088 0.42714308E+03
2089 0.42656607E+03
2090 0.42600472E+03
2091 0.42546065E+03
2092 0.42493745E+03
2093 0.42443129E+03
2094 0.42393083E+03
2095 0.42343058E+03
2096 0.42292945E+03
2097 0.42242761E+03
2098 0.42191753E+03
2099 0.42140111E+03
