2005 0.37881250E+03
2006 0.38082750E+03
2007 0.38277750E+03
2008 0.38480000E+03
2009 0.38695160E+03
2010 0.38912785E+03
2011 0.39127357E+03
2012 0.39342110E+03
2013 0.39558283E+03
2014 0.39776408E+03
2015 0.39996631E+03
2016 0.40218432E+03
2017 0.40441077E+03
2018 0.40664292E+03
2019 0.40888170E+03
2020 0.41112868E+03
2021 0.41337804E+03
2022 0.41563944E+03
2023 0.41793551E+03
2024 0.42027395E+03
2025 0.42265593E+03
2026 0.42507983E+03
2027 0.42753791E+03
2028 0.43002060E+03
2029 0.43252340E+03
2030 0.43504594E+03
2031 0.43758886E+03
2032 0.44013137E+03
2033 0.44266419E+03
2034 0.44520699E+03
2035 0.44776978E+03
2036 0.45035539E+03
2037 0.45296337E+03
2038 0.45558649E+03
2039 0.45821520E+03
2040 0.46084499E+03
2041 0.46347549E+03
2042 0.46609336E+03
2043 0.46867807E+03
2044 0.47123389E+03
2045 0.47378031E+03
2046 0.47632819E+03
2047 0.47888085E+03
2048 0.48143826E+03
2049 0.48399308E+03
2050 0.48653532E+03
2051 0.48906035E+03
2052 0.49153558E+03
2053 0.49393186E+03
2054 0.49624365E+03
2055 0.49847436E+03
2056 0.50064502E+03
2057 0.50276788E+03
2058 0.50484729E+03
2059 0.50688408E+03
2060 0.50887135E+03
2061 0.51079905E+03
2062 0.51264717E+03
2063 0.51440151E+03
2064 0.51606461E+03
2065 0.51762854E+03
2066 0.51909606E+03
2067 0.52048828E+03
2068 0.52181772E+03
2069 0.52308871E+03
2070 0.52430217E+03
2071 0.52545089E+03
2072 0.52650901E+03
2073 0.52745707E+03
2074 0.52829593E+03
2075 0.52902718E+03
2076 0.52964253E+03
2077 0.53014419E+03
2078 0.53055341E+03
2079 0.53088313E+03
2080 0.53113797E+03
2081 0.53131935E+03
2082 0.53148991E+03
2083 0.53170213E+03
2084 0.53194208E+03
2085 0.53220472E+03
2086 0.53248672E+03
2087 0.53277553E+03
2088 0.53306978E+03
2089 0.53338792E+03
2090 0.53374072E+03
2091 0.53413086E+03
2092 0.53455754E+03
2093 0.53501142E+03
2094 0.53547962E+03
2095 0.53595487E+03
2096 0.53643510E+03
2097 0.53691986E+03
2098 0.53739855E+03
2099 0.53787136E+03
