2005 0.37881250E+03
2006 0.38082750E+03
2007 0.38277750E+03
2008 0.38480000E+03
2009 0.38693455E+03
2010 0.38907150E+03
2011 0.39116650E+03
2012 0.39324066E+03
2013 0.39529786E+03
2014 0.39734576E+03
2015 0.39938717E+03
2016 0.40141789E+03
2017 0.40343127E+03
2018 0.40542513E+03
2019 0.40740083E+03
2020 0.40936026E+03
2021 0.41129764E+03
2022 0.41321903E+03
2023 0.41514445E+03
2024 0.41708292E+03
2025 0.41903635E+03
2026 0.42100380E+03
2027 0.42297812E+03
2028 0.42495028E+03
2029 0.42691631E+03
2030 0.42887629E+03
2031 0.43083200E+03
2032 0.43280746E+03
2033 0.43483148E+03
2034 0.43691619E+03
2035 0.43906785E+03
2036 0.44128581E+03
2037 0.44356720E+03
2038 0.44590288E+03
2039 0.44828176E+03
2040 0.45069811E+03
2041 0.45315021E+03
2042 0.45564509E+03
2043 0.45818181E+03
2044 0.46076247E+03
2045 0.46340530E+03
2046 0.46611968E+03
2047 0.46890757E+03
2048 0.47176784E+03
2049 0.47469236E+03
2050 0.47767043E+03
2051 0.48069694E+03
2052 0.48377696E+03
2053 0.48691560E+03
2054 0.49010250E+03
2055 0.49333845E+03
2056 0.49664173E+03
2057 0.50002229E+03
2058 0.50348287E+03
2059 0.50702296E+03
2060 0.51063443E+03
2061 0.51430531E+03
2062 0.51802671E+03
2063 0.52179702E+03
2064 0.52561935E+03
2065 0.52948604E+03
2066 0.53339980E+03
2067 0.53738147E+03
2068 0.54144308E+03
2069 0.54558888E+03
2070 0.54981989E+03
2071 0.55412904E+03
2072 0.55848622E+03
2073 0.56286724E+03
2074 0.56727205E+03
2075 0.57170141E+03
2076 0.57614574E+03
2077 0.58060640E+03
2078 0.58510462E+03
2079 0.58965317E+03
2080 0.59425683E+03
2081 0.59891790E+03
2082 0.60353811E+03
2083 0.60801988E+03
2084 0.61236372E+03
2085 0.61657173E+03
2086 0.62064773E+03
2087 0.62458304E+03
2088 0.62838085E+03
2089 0.63206458E+03
2090 0.63564876E+03
2091 0.63914086E+03
2092 0.64259729E+03
2093 0.64606094E+03
2094 0.64951513E+03
2095 0.65295074E+03
2096 0.65636419E+03
2097 0.65975421E+03
2098 0.66310742E+03
2099 0.66642313E+03
