2005 0.37881250E+03
2006 0.38082750E+03
2007 0.38277750E+03
2008 0.38480000E+03
2009 0.38701226E+03
2010 0.38932416E+03
2011 0.39163801E+03
2012 0.39400866E+03
2013 0.39646384E+03
2014 0.39900402E+03
2015 0.40162793E+03
2016 0.40432819E+03
2017 0.40709588E+03
2018 0.40992701E+03
2019 0.41282151E+03
2020 0.41578022E+03
2021 0.41879629E+03
2022 0.42186439E+03
2023 0.42499469E+03
2024 0.42819734E+03
2025 0.43147473E+03
2026 0.43482619E+03
2027 0.43824456E+03
2028 0.44172080E+03
2029 0.44525085E+03
2030 0.44883485E+03
2031 0.45247359E+03
2032 0.45617700E+03
2033 0.45996398E+03
2034 0.46385181E+03
2035 0.46785003E+03
2036 0.47196047E+03
2037 0.47618237E+03
2038 0.48050799E+03
2039 0.48492724E+03
2040 0.48943545E+03
2041 0.49403235E+03
2042 0.49872970E+03
2043 0.50352959E+03
2044 0.50843266E+03
2045 0.51345614E+03
2046 0.51861062E+03
2047 0.52390006E+03
2048 0.52932418E+03
2049 0.53487520E+03
2050 0.54054279E+03
2051 0.54632201E+03
2052 0.55221189E+03
2053 0.55821220E+03
2054 0.56431311E+03
2055 0.57051669E+03
2056 0.57684343E+03
2057 0.58330471E+03
2058 0.58990539E+03
2059 0.59664656E+03
2060 0.60352045E+03
2061 0.61051650E+03
2062 0.61760526E+03
2063 0.62476367E+03
2064 0.63199471E+03
2065 0.63929052E+03
2066 0.64665274E+03
2067 0.65409843E+03
2068 0.66164491E+03
2069 0.66930474E+03
2070 0.67707762E+03
2071 0.68495429E+03
2072 0.69290196E+03
2073 0.70089416E+03
2074 0.70893159E+03
2075 0.71701548E+03
2076 0.72513597E+03
2077 0.73330667E+03
2078 0.74152368E+03
2079 0.74980466E+03
2080 0.75818230E+03
2081 0.76664451E+03
2082 0.77517446E+03
2083 0.78375141E+03
2084 0.79236578E+03
2085 0.80101880E+03
2086 0.80971464E+03
2087 0.81842214E+03
2088 0.82715719E+03
2089 0.83595594E+03
2090 0.84480471E+03
2091 0.85372536E+03
2092 0.86272597E+03
2093 0.87177680E+03
2094 0.88086435E+03
2095 0.88998162E+03
2096 0.89912407E+03
2097 0.90828871E+03
2098 0.91747137E+03
2099 0.92666527E+03
