1950 0.31075000E+03
1951 0.31110000E+03
1952 0.31150000E+03
1953 0.31192500E+03
1954 0.31242500E+03
1955 0.31300000E+03
1956 0.31360000E+03
1957 0.31422500E+03
1958 0.31484750E+03
1959 0.31550000E+03
1960 0.31627250E+03
1961 0.31707500E+03
1962 0.31779500E+03
1963 0.31839750E+03
1964 0.31892500E+03
1965 0.31964750E+03
1966 0.32064750E+03
1967 0.32160500E+03
1968 0.32263500E+03
1969 0.32390250E+03
1970 0.32498500E+03
1971 0.32585500E+03
1972 0.32714000E+03
1973 0.32867750E+03
1974 0.32974250E+03
1975 0.33058500E+03
1976 0.33174750E+03
1977 0.33327250E+03
1978 0.33484750E+03
1979 0.33652500E+03
1980 0.33836000E+03
1981 0.33972750E+03
1982 0.34079250E+03
1983 0.34219750E+03
1984 0.34378250E+03
1985 0.34528250E+03
1986 0.34679750E+03
1987 0.34864500E+03
1988 0.35073750E+03
1989 0.35248750E+03
1990 0.35385500E+03
1991 0.35501750E+03
1992 0.35588500E+03
1993 0.35677750E+03
1994 0.35812750E+03
1995 0.35983750E+03
1996 0.36146250E+03
1997 0.36315500E+03
1998 0.36532250E+03
1999 0.36734750E+03
2000 0.36886500E+03
2001 0.36886500E+03
2002 0.36886500E+03
2003 0.36886500E+03
2004 0.36886500E+03
2005 0.36886500E+03
